Long	Lat	State	CityTown	ID	bio01	bio02	bio03	bio04	bio05	bio06	bio07	bio08	bio09	bio10	bio11	bio12	bio13	bio14	bio16	bio17	bio18	bio19
-147.64292	64.827787	AK	Fairbanks	1	-2.70833337896814	11.2666666787118	21.625080630872	1518.00381171988	22.2999992370605	-29.7999992370605	52.0999984741211	15.5166665712992	-10.4333335558573	15.5166665712992	-21.0166665712992	320	49	10	137	37	137	56
-147.64292	64.827787	AK	Fairbanks	2	-2.70833337896814	11.2666666787118	21.625080630872	1518.00381171988	22.2999992370605	-29.7999992370605	52.0999984741211	15.5166665712992	-10.4333335558573	15.5166665712992	-21.0166665712992	320	49	10	137	37	137	56
-147.64292	64.827787	AK	Fairbanks	3	-2.70833337896814	11.2666666787118	21.625080630872	1518.00381171988	22.2999992370605	-29.7999992370605	52.0999984741211	15.5166665712992	-10.4333335558573	15.5166665712992	-21.0166665712992	320	49	10	137	37	137	56
-147.64292	64.827787	AK	Fairbanks	4	-2.70833337896814	11.2666666787118	21.625080630872	1518.00381171988	22.2999992370605	-29.7999992370605	52.0999984741211	15.5166665712992	-10.4333335558573	15.5166665712992	-21.0166665712992	320	49	10	137	37	137	56
-147.64292	64.827787	AK	Fairbanks	5	-2.70833337896814	11.2666666787118	21.625080630872	1518.00381171988	22.2999992370605	-29.7999992370605	52.0999984741211	15.5166665712992	-10.4333335558573	15.5166665712992	-21.0166665712992	320	49	10	137	37	137	56
-147.64292	64.827787	AK	Fairbanks	6	-2.70833337896814	11.2666666787118	21.625080630872	1518.00381171988	22.2999992370605	-29.7999992370605	52.0999984741211	15.5166665712992	-10.4333335558573	15.5166665712992	-21.0166665712992	320	49	10	137	37	137	56
-147.64292	64.827787	AK	Fairbanks	7	-2.70833337896814	11.2666666787118	21.625080630872	1518.00381171988	22.2999992370605	-29.7999992370605	52.0999984741211	15.5166665712992	-10.4333335558573	15.5166665712992	-21.0166665712992	320	49	10	137	37	137	56
-147.64292	64.827787	AK	Fairbanks	8	-2.70833337896814	11.2666666787118	21.625080630872	1518.00381171988	22.2999992370605	-29.7999992370605	52.0999984741211	15.5166665712992	-10.4333335558573	15.5166665712992	-21.0166665712992	320	49	10	137	37	137	56
-147.64292	64.827787	AK	Fairbanks	9	-2.70833337896814	11.2666666787118	21.625080630872	1518.00381171988	22.2999992370605	-29.7999992370605	52.0999984741211	15.5166665712992	-10.4333335558573	15.5166665712992	-21.0166665712992	320	49	10	137	37	137	56
-147.64292	64.827787	AK	Fairbanks	10	-2.70833337896814	11.2666666787118	21.625080630872	1518.00381171988	22.2999992370605	-29.7999992370605	52.0999984741211	15.5166665712992	-10.4333335558573	15.5166665712992	-21.0166665712992	320	49	10	137	37	137	56
-119.86242	47.080073	WA	George, Grant Co.	11	9.90000003079573	13.3500001132488	36.2771740327598	836.423663553166	26.6000003814697	-10.1999998092651	36.8000001907349	0.0166666706403097	19.4666666984558	20.1333333651225	-0.599999904632568	187	32	5	81	24	26	70
-119.62457	46.903588	WA	Royal City, Grant Co	12	10.5416665921609	13.0333334505558	35.9044996751333	841.858961949208	27.1000003814697	-9.19999980926514	36.3000001907349	0.649999956289927	20.2166665395101	20.8666664759318	0.0666666030883789	177	31	4	78	19	22	67
-119.62457	46.903588	WA	Royal City, Grant Co	13	10.5416665921609	13.0333334505558	35.9044996751333	841.858961949208	27.1000003814697	-9.19999980926514	36.3000001907349	0.649999956289927	20.2166665395101	20.8666664759318	0.0666666030883789	177	31	4	78	19	22	67
-119.62457	46.903588	WA	Royal City, Grant Co	14	10.5416665921609	13.0333334505558	35.9044996751333	841.858961949208	27.1000003814697	-9.19999980926514	36.3000001907349	0.649999956289927	20.2166665395101	20.8666664759318	0.0666666030883789	177	31	4	78	19	22	67
-119.86242	47.080073	WA	George, Grant Co.	15	9.90000003079573	13.3500001132488	36.2771740327598	836.423663553166	26.6000003814697	-10.1999998092651	36.8000001907349	0.0166666706403097	19.4666666984558	20.1333333651225	-0.599999904632568	187	32	5	81	24	26	70
-119.62457	46.903588	WA	Royal City, Grant Co	16	10.5416665921609	13.0333334505558	35.9044996751333	841.858961949208	27.1000003814697	-9.19999980926514	36.3000001907349	0.649999956289927	20.2166665395101	20.8666664759318	0.0666666030883789	177	31	4	78	19	22	67
-119.62457	46.903588	WA	Royal City, Grant Co	17	10.5416665921609	13.0333334505558	35.9044996751333	841.858961949208	27.1000003814697	-9.19999980926514	36.3000001907349	0.649999956289927	20.2166665395101	20.8666664759318	0.0666666030883789	177	31	4	78	19	22	67
-119.62457	46.903588	WA	Royal City, Grant Co	18	10.5416665921609	13.0333334505558	35.9044996751333	841.858961949208	27.1000003814697	-9.19999980926514	36.3000001907349	0.649999956289927	20.2166665395101	20.8666664759318	0.0666666030883789	177	31	4	78	19	22	67
-119.62457	46.903588	WA	Royal City, Grant Co	19	10.5416665921609	13.0333334505558	35.9044996751333	841.858961949208	27.1000003814697	-9.19999980926514	36.3000001907349	0.649999956289927	20.2166665395101	20.8666664759318	0.0666666030883789	177	31	4	78	19	22	67
-119.62457	46.903588	WA	Royal City, Grant Co	20	10.5416665921609	13.0333334505558	35.9044996751333	841.858961949208	27.1000003814697	-9.19999980926514	36.3000001907349	0.649999956289927	20.2166665395101	20.8666664759318	0.0666666030883789	177	31	4	78	19	22	67
-119.62457	46.903588	WA	Royal City, Grant Co	21	10.5416665921609	13.0333334505558	35.9044996751333	841.858961949208	27.1000003814697	-9.19999980926514	36.3000001907349	0.649999956289927	20.2166665395101	20.8666664759318	0.0666666030883789	177	31	4	78	19	22	67
-119.62457	46.903588	WA	Royal City, Grant Co	22	10.5416665921609	13.0333334505558	35.9044996751333	841.858961949208	27.1000003814697	-9.19999980926514	36.3000001907349	0.649999956289927	20.2166665395101	20.8666664759318	0.0666666030883789	177	31	4	78	19	22	67
-106.54129	51.596313	SK	Brightwater Reservoir, SK	23	2.63749983410041	11.1416665116946	23.9605731434292	1298.65860712826	23.1000003814697	-23.3999996185303	46.5	15.4166664282481	-11.6499999761581	17.5999997456868	-14.4000001748403	343	60	10	163	40	156	40
-106.54129	51.596313	SK	Brightwater Reservoir, SK	24	2.63749983410041	11.1416665116946	23.9605731434292	1298.65860712826	23.1000003814697	-23.3999996185303	46.5	15.4166664282481	-11.6499999761581	17.5999997456868	-14.4000001748403	343	60	10	163	40	156	40
-106.54129	51.596313	SK	Brightwater Reservoir, SK	25	2.63749983410041	11.1416665116946	23.9605731434292	1298.65860712826	23.1000003814697	-23.3999996185303	46.5	15.4166664282481	-11.6499999761581	17.5999997456868	-14.4000001748403	343	60	10	163	40	156	40
-106.54129	51.596313	SK	Brightwater Reservoir, SK	26	2.63749983410041	11.1416665116946	23.9605731434292	1298.65860712826	23.1000003814697	-23.3999996185303	46.5	15.4166664282481	-11.6499999761581	17.5999997456868	-14.4000001748403	343	60	10	163	40	156	40
-106.54129	51.596313	SK	Brightwater Reservoir, SK	27	2.63749983410041	11.1416665116946	23.9605731434292	1298.65860712826	23.1000003814697	-23.3999996185303	46.5	15.4166664282481	-11.6499999761581	17.5999997456868	-14.4000001748403	343	60	10	163	40	156	40
-106.54129	51.596313	SK	Brightwater Reservoir, SK	28	2.63749983410041	11.1416665116946	23.9605731434292	1298.65860712826	23.1000003814697	-23.3999996185303	46.5	15.4166664282481	-11.6499999761581	17.5999997456868	-14.4000001748403	343	60	10	163	40	156	40
-106.54129	51.596313	SK	Brightwater Reservoir, SK	29	2.63749983410041	11.1416665116946	23.9605731434292	1298.65860712826	23.1000003814697	-23.3999996185303	46.5	15.4166664282481	-11.6499999761581	17.5999997456868	-14.4000001748403	343	60	10	163	40	156	40
-106.54129	51.596313	SK	Brightwater Reservoir, SK	30	2.63749983410041	11.1416665116946	23.9605731434292	1298.65860712826	23.1000003814697	-23.3999996185303	46.5	15.4166664282481	-11.6499999761581	17.5999997456868	-14.4000001748403	343	60	10	163	40	156	40
-120.05934	56.1223707	British Columbia	Peace River	31	2.63749995330969	10.4583336611589	24.7827807395291	1152.10505377674	21.5	-20.7000007629395	42.2000007629395	15.8333334922791	-3.26666680971781	15.8333334922791	-12.350000222524	436	74	18	201	56	201	70
-120.05934	56.1223707	British Columbia	Peace River	32	2.63749995330969	10.4583336611589	24.7827807395291	1152.10505377674	21.5	-20.7000007629395	42.2000007629395	15.8333334922791	-3.26666680971781	15.8333334922791	-12.350000222524	436	74	18	201	56	201	70
-120.05934	56.1223707	British Columbia	Peace River	33	2.63749995330969	10.4583336611589	24.7827807395291	1152.10505377674	21.5	-20.7000007629395	42.2000007629395	15.8333334922791	-3.26666680971781	15.8333334922791	-12.350000222524	436	74	18	201	56	201	70
-120.05934	56.1223707	British Columbia	Peace River	34	2.63749995330969	10.4583336611589	24.7827807395291	1152.10505377674	21.5	-20.7000007629395	42.2000007629395	15.8333334922791	-3.26666680971781	15.8333334922791	-12.350000222524	436	74	18	201	56	201	70
-120.05934	56.1223707	British Columbia	Peace River	35	2.63749995330969	10.4583336611589	24.7827807395291	1152.10505377674	21.5	-20.7000007629395	42.2000007629395	15.8333334922791	-3.26666680971781	15.8333334922791	-12.350000222524	436	74	18	201	56	201	70
-120.05934	56.1223707	British Columbia	Peace River	36	2.63749995330969	10.4583336611589	24.7827807395291	1152.10505377674	21.5	-20.7000007629395	42.2000007629395	15.8333334922791	-3.26666680971781	15.8333334922791	-12.350000222524	436	74	18	201	56	201	70
-120.05934	56.1223707	British Columbia	Peace River	37	2.63749995330969	10.4583336611589	24.7827807395291	1152.10505377674	21.5	-20.7000007629395	42.2000007629395	15.8333334922791	-3.26666680971781	15.8333334922791	-12.350000222524	436	74	18	201	56	201	70
-120.05934	56.1223707	British Columbia	Peace River	38	2.63749995330969	10.4583336611589	24.7827807395291	1152.10505377674	21.5	-20.7000007629395	42.2000007629395	15.8333334922791	-3.26666680971781	15.8333334922791	-12.350000222524	436	74	18	201	56	201	70
-120.05934	56.1223707	British Columbia	Peace River	39	2.63749995330969	10.4583336611589	24.7827807395291	1152.10505377674	21.5	-20.7000007629395	42.2000007629395	15.8333334922791	-3.26666680971781	15.8333334922791	-12.350000222524	436	74	18	201	56	201	70
-134.84955	60.62733	Yukon	Whitehorse	40	-0.845833375429114	11.4583332749705	25.8653125785714	1152.70326326562	18.7999992370605	-25.5	44.2999992370605	11.0666666825612	-6.70000001539787	12.5499999523163	-15.8166667620341	268	39	5	110	29	104	52
-134.84955	60.62733	Yukon	Whitehorse	41	-0.845833375429114	11.4583332749705	25.8653125785714	1152.70326326562	18.7999992370605	-25.5	44.2999992370605	11.0666666825612	-6.70000001539787	12.5499999523163	-15.8166667620341	268	39	5	110	29	104	52
-134.84955	60.62733	Yukon	Whitehorse	42	-0.845833375429114	11.4583332749705	25.8653125785714	1152.70326326562	18.7999992370605	-25.5	44.2999992370605	11.0666666825612	-6.70000001539787	12.5499999523163	-15.8166667620341	268	39	5	110	29	104	52
-134.84955	60.62733	Yukon	Whitehorse	43	-0.845833375429114	11.4583332749705	25.8653125785714	1152.70326326562	18.7999992370605	-25.5	44.2999992370605	11.0666666825612	-6.70000001539787	12.5499999523163	-15.8166667620341	268	39	5	110	29	104	52
-134.84955	60.62733	Yukon	Whitehorse	44	-0.845833375429114	11.4583332749705	25.8653125785714	1152.70326326562	18.7999992370605	-25.5	44.2999992370605	11.0666666825612	-6.70000001539787	12.5499999523163	-15.8166667620341	268	39	5	110	29	104	52
-134.84955	60.62733	Yukon	Whitehorse	45	-0.845833375429114	11.4583332749705	25.8653125785714	1152.70326326562	18.7999992370605	-25.5	44.2999992370605	11.0666666825612	-6.70000001539787	12.5499999523163	-15.8166667620341	268	39	5	110	29	104	52
-134.84955	60.62733	Yukon	Whitehorse	46	-0.845833375429114	11.4583332749705	25.8653125785714	1152.70326326562	18.7999992370605	-25.5	44.2999992370605	11.0666666825612	-6.70000001539787	12.5499999523163	-15.8166667620341	268	39	5	110	29	104	52
-134.84955	60.62733	Yukon	Whitehorse	47	-0.845833375429114	11.4583332749705	25.8653125785714	1152.70326326562	18.7999992370605	-25.5	44.2999992370605	11.0666666825612	-6.70000001539787	12.5499999523163	-15.8166667620341	268	39	5	110	29	104	52
-134.84955	60.62733	Yukon	Whitehorse	48	-0.845833375429114	11.4583332749705	25.8653125785714	1152.70326326562	18.7999992370605	-25.5	44.2999992370605	11.0666666825612	-6.70000001539787	12.5499999523163	-15.8166667620341	268	39	5	110	29	104	52
-134.84955	60.62733	Yukon	Whitehorse	49	-0.845833375429114	11.4583332749705	25.8653125785714	1152.70326326562	18.7999992370605	-25.5	44.2999992370605	11.0666666825612	-6.70000001539787	12.5499999523163	-15.8166667620341	268	39	5	110	29	104	52
-62.751434	45.960863	Prince Edward Island	Wood Islands	50	5.79166656732559	9.26666663090388	26.1032869854767	939.946393819704	22.2999992370605	-13.1999998092651	35.4999990463257	3.53333326180776	2.66666650772095	17.133333047231	-5.7666666507721	1171	126	83	368	254	273	268
-62.751434	45.960863	Prince Edward Island	Wood Islands	51	5.79166656732559	9.26666663090388	26.1032869854767	939.946393819704	22.2999992370605	-13.1999998092651	35.4999990463257	3.53333326180776	2.66666650772095	17.133333047231	-5.7666666507721	1171	126	83	368	254	273	268
-62.751434	45.960863	Prince Edward Island	Wood Islands	52	5.79166656732559	9.26666663090388	26.1032869854767	939.946393819704	22.2999992370605	-13.1999998092651	35.4999990463257	3.53333326180776	2.66666650772095	17.133333047231	-5.7666666507721	1171	126	83	368	254	273	268
-62.751434	45.960863	Prince Edward Island	Wood Islands	53	5.79166656732559	9.26666663090388	26.1032869854767	939.946393819704	22.2999992370605	-13.1999998092651	35.4999990463257	3.53333326180776	2.66666650772095	17.133333047231	-5.7666666507721	1171	126	83	368	254	273	268
-62.751434	45.960863	Prince Edward Island	Wood Islands	54	5.79166656732559	9.26666663090388	26.1032869854767	939.946393819704	22.2999992370605	-13.1999998092651	35.4999990463257	3.53333326180776	2.66666650772095	17.133333047231	-5.7666666507721	1171	126	83	368	254	273	268
-62.751434	45.960863	Prince Edward Island	Wood Islands	55	5.79166656732559	9.26666663090388	26.1032869854767	939.946393819704	22.2999992370605	-13.1999998092651	35.4999990463257	3.53333326180776	2.66666650772095	17.133333047231	-5.7666666507721	1171	126	83	368	254	273	268
-62.751434	45.960863	Prince Edward Island	Wood Islands	56	5.79166656732559	9.26666663090388	26.1032869854767	939.946393819704	22.2999992370605	-13.1999998092651	35.4999990463257	3.53333326180776	2.66666650772095	17.133333047231	-5.7666666507721	1171	126	83	368	254	273	268
-62.751434	45.960863	Prince Edward Island	Wood Islands	57	5.79166656732559	9.26666663090388	26.1032869854767	939.946393819704	22.2999992370605	-13.1999998092651	35.4999990463257	3.53333326180776	2.66666650772095	17.133333047231	-5.7666666507721	1171	126	83	368	254	273	268
-62.751434	45.960863	Prince Edward Island	Wood Islands	58	5.79166656732559	9.26666663090388	26.1032869854767	939.946393819704	22.2999992370605	-13.1999998092651	35.4999990463257	3.53333326180776	2.66666650772095	17.133333047231	-5.7666666507721	1171	126	83	368	254	273	268
-62.751434	45.960863	Prince Edward Island	Wood Islands	59	5.79166656732559	9.26666663090388	26.1032869854767	939.946393819704	22.2999992370605	-13.1999998092651	35.4999990463257	3.53333326180776	2.66666650772095	17.133333047231	-5.7666666507721	1171	126	83	368	254	273	268
-62.751434	45.960863	Prince Edward Island	Wood Islands	60	5.79166656732559	9.26666663090388	26.1032869854767	939.946393819704	22.2999992370605	-13.1999998092651	35.4999990463257	3.53333326180776	2.66666650772095	17.133333047231	-5.7666666507721	1171	126	83	368	254	273	268
-62.751434	45.960863	Prince Edward Island	Wood Islands	61	5.79166656732559	9.26666663090388	26.1032869854767	939.946393819704	22.2999992370605	-13.1999998092651	35.4999990463257	3.53333326180776	2.66666650772095	17.133333047231	-5.7666666507721	1171	126	83	368	254	273	268
-101.35284	50.365898	Manitoba	Fort Ellice	62	2.1583333844319	11.4499997664243	24.0041929583448	1321.15106337387	23.3999996185303	-24.2999992370605	47.6999988555908	17.4999998410543	-5.86666665102045	17.4999998410543	-15.0166665712992	476	84	16	215	64	215	65
-101.35284	50.365898	Manitoba	Fort Ellice	63	2.1583333844319	11.4499997664243	24.0041929583448	1321.15106337387	23.3999996185303	-24.2999992370605	47.6999988555908	17.4999998410543	-5.86666665102045	17.4999998410543	-15.0166665712992	476	84	16	215	64	215	65
-101.35284	50.365898	Manitoba	Fort Ellice	64	2.1583333844319	11.4499997664243	24.0041929583448	1321.15106337387	23.3999996185303	-24.2999992370605	47.6999988555908	17.4999998410543	-5.86666665102045	17.4999998410543	-15.0166665712992	476	84	16	215	64	215	65
-101.35284	50.365898	Manitoba	Fort Ellice	65	2.1583333844319	11.4499997664243	24.0041929583448	1321.15106337387	23.3999996185303	-24.2999992370605	47.6999988555908	17.4999998410543	-5.86666665102045	17.4999998410543	-15.0166665712992	476	84	16	215	64	215	65
-101.35284	50.365898	Manitoba	Fort Ellice	66	2.1583333844319	11.4499997664243	24.0041929583448	1321.15106337387	23.3999996185303	-24.2999992370605	47.6999988555908	17.4999998410543	-5.86666665102045	17.4999998410543	-15.0166665712992	476	84	16	215	64	215	65
-101.35284	50.365898	Manitoba	Fort Ellice	67	2.1583333844319	11.4499997664243	24.0041929583448	1321.15106337387	23.3999996185303	-24.2999992370605	47.6999988555908	17.4999998410543	-5.86666665102045	17.4999998410543	-15.0166665712992	476	84	16	215	64	215	65
-101.35284	50.365898	Manitoba	Fort Ellice	68	2.1583333844319	11.4499997664243	24.0041929583448	1321.15106337387	23.3999996185303	-24.2999992370605	47.6999988555908	17.4999998410543	-5.86666665102045	17.4999998410543	-15.0166665712992	476	84	16	215	64	215	65
-101.35284	50.365898	Manitoba	Fort Ellice	69	2.1583333844319	11.4499997664243	24.0041929583448	1321.15106337387	23.3999996185303	-24.2999992370605	47.6999988555908	17.4999998410543	-5.86666665102045	17.4999998410543	-15.0166665712992	476	84	16	215	64	215	65
-101.35284	50.365898	Manitoba	Fort Ellice	70	2.1583333844319	11.4499997664243	24.0041929583448	1321.15106337387	23.3999996185303	-24.2999992370605	47.6999988555908	17.4999998410543	-5.86666665102045	17.4999998410543	-15.0166665712992	476	84	16	215	64	215	65
-113.57037	53.687047	Alberta	Edmonton	71	2.50000002390395	11.2166668095936	26.4544019007818	1139.50747866078	21.2000007629395	-21.2000007629395	42.4000015258789	15.5666669209798	-10.0333333015442	15.5666669209798	-12.3333333333333	469	92	14	243	53	243	56
-113.57037	53.687047	Alberta	Edmonton	72	2.50000002390395	11.2166668095936	26.4544019007818	1139.50747866078	21.2000007629395	-21.2000007629395	42.4000015258789	15.5666669209798	-10.0333333015442	15.5666669209798	-12.3333333333333	469	92	14	243	53	243	56
-113.57037	53.687047	Alberta	Edmonton	73	2.50000002390395	11.2166668095936	26.4544019007818	1139.50747866078	21.2000007629395	-21.2000007629395	42.4000015258789	15.5666669209798	-10.0333333015442	15.5666669209798	-12.3333333333333	469	92	14	243	53	243	56
-113.57037	53.687047	Alberta	Edmonton	74	2.50000002390395	11.2166668095936	26.4544019007818	1139.50747866078	21.2000007629395	-21.2000007629395	42.4000015258789	15.5666669209798	-10.0333333015442	15.5666669209798	-12.3333333333333	469	92	14	243	53	243	56
-113.57037	53.687047	Alberta	Edmonton	75	2.50000002390395	11.2166668095936	26.4544019007818	1139.50747866078	21.2000007629395	-21.2000007629395	42.4000015258789	15.5666669209798	-10.0333333015442	15.5666669209798	-12.3333333333333	469	92	14	243	53	243	56
-113.57037	53.687047	Alberta	Edmonton	76	2.50000002390395	11.2166668095936	26.4544019007818	1139.50747866078	21.2000007629395	-21.2000007629395	42.4000015258789	15.5666669209798	-10.0333333015442	15.5666669209798	-12.3333333333333	469	92	14	243	53	243	56
-113.57037	53.687047	Alberta	Edmonton	77	2.50000002390395	11.2166668095936	26.4544019007818	1139.50747866078	21.2000007629395	-21.2000007629395	42.4000015258789	15.5666669209798	-10.0333333015442	15.5666669209798	-12.3333333333333	469	92	14	243	53	243	56
-113.57037	53.687047	Alberta	Edmonton	78	2.50000002390395	11.2166668095936	26.4544019007818	1139.50747866078	21.2000007629395	-21.2000007629395	42.4000015258789	15.5666669209798	-10.0333333015442	15.5666669209798	-12.3333333333333	469	92	14	243	53	243	56
-113.57037	53.687047	Alberta	Edmonton	79	2.50000002390395	11.2166668095936	26.4544019007818	1139.50747866078	21.2000007629395	-21.2000007629395	42.4000015258789	15.5666669209798	-10.0333333015442	15.5666669209798	-12.3333333333333	469	92	14	243	53	243	56
-113.57037	53.687047	Alberta	Edmonton	80	2.50000002390395	11.2166668095936	26.4544019007818	1139.50747866078	21.2000007629395	-21.2000007629395	42.4000015258789	15.5666669209798	-10.0333333015442	15.5666669209798	-12.3333333333333	469	92	14	243	53	243	56
-64.328729	45.894302	New Brunswick	Sackville	81	5.80833331154038	10.1333334526668	27.686703855441	960.553425386289	22.8999996185303	-13.6999998092651	36.5999994277954	2.33333321039875	-1.83333337306976	17.3000000317891	-6.23333343242605	1159	115	83	334	267	267	304
-64.328729	45.894302	New Brunswick	Sackville	82	5.80833331154038	10.1333334526668	27.686703855441	960.553425386289	22.8999996185303	-13.6999998092651	36.5999994277954	2.33333321039875	-1.83333337306976	17.3000000317891	-6.23333343242605	1159	115	83	334	267	267	304
-64.328729	45.894302	New Brunswick	Sackville	83	5.80833331154038	10.1333334526668	27.686703855441	960.553425386289	22.8999996185303	-13.6999998092651	36.5999994277954	2.33333321039875	-1.83333337306976	17.3000000317891	-6.23333343242605	1159	115	83	334	267	267	304
-64.328729	45.894302	New Brunswick	Sackville	84	5.80833331154038	10.1333334526668	27.686703855441	960.553425386289	22.8999996185303	-13.6999998092651	36.5999994277954	2.33333321039875	-1.83333337306976	17.3000000317891	-6.23333343242605	1159	115	83	334	267	267	304
-64.328729	45.894302	New Brunswick	Sackville	85	5.80833331154038	10.1333334526668	27.686703855441	960.553425386289	22.8999996185303	-13.6999998092651	36.5999994277954	2.33333321039875	-1.83333337306976	17.3000000317891	-6.23333343242605	1159	115	83	334	267	267	304
-64.328729	45.894302	New Brunswick	Sackville	86	5.80833331154038	10.1333334526668	27.686703855441	960.553425386289	22.8999996185303	-13.6999998092651	36.5999994277954	2.33333321039875	-1.83333337306976	17.3000000317891	-6.23333343242605	1159	115	83	334	267	267	304
-64.328729	45.894302	New Brunswick	Sackville	87	5.80833331154038	10.1333334526668	27.686703855441	960.553425386289	22.8999996185303	-13.6999998092651	36.5999994277954	2.33333321039875	-1.83333337306976	17.3000000317891	-6.23333343242605	1159	115	83	334	267	267	304
-64.328729	45.894302	New Brunswick	Sackville	88	5.80833331154038	10.1333334526668	27.686703855441	960.553425386289	22.8999996185303	-13.6999998092651	36.5999994277954	2.33333321039875	-1.83333337306976	17.3000000317891	-6.23333343242605	1159	115	83	334	267	267	304
-64.328729	45.894302	New Brunswick	Sackville	89	5.80833331154038	10.1333334526668	27.686703855441	960.553425386289	22.8999996185303	-13.6999998092651	36.5999994277954	2.33333321039875	-1.83333337306976	17.3000000317891	-6.23333343242605	1159	115	83	334	267	267	304
-64.328729	45.894302	New Brunswick	Sackville	90	5.80833331154038	10.1333334526668	27.686703855441	960.553425386289	22.8999996185303	-13.6999998092651	36.5999994277954	2.33333321039875	-1.83333337306976	17.3000000317891	-6.23333343242605	1159	115	83	334	267	267	304
-64.328729	45.894302	New Brunswick	Sackville	91	5.80833331154038	10.1333334526668	27.686703855441	960.553425386289	22.8999996185303	-13.6999998092651	36.5999994277954	2.33333321039875	-1.83333337306976	17.3000000317891	-6.23333343242605	1159	115	83	334	267	267	304
-64.328729	45.894302	New Brunswick	Sackville	92	5.80833331154038	10.1333334526668	27.686703855441	960.553425386289	22.8999996185303	-13.6999998092651	36.5999994277954	2.33333321039875	-1.83333337306976	17.3000000317891	-6.23333343242605	1159	115	83	334	267	267	304
-66.15649	44.19388	Nova Scotia	Meteghan	93	6.76249996076028	8.00833338995775	28.499407662038	752.330091208137	19.8999996185303	-8.19999980926514	28.0999994277954	0.133333255847295	15.5	15.5	-2.63333335518837	1218	138	81	382	253	253	350
-66.15649	44.19388	Nova Scotia	Meteghan	94	6.76249996076028	8.00833338995775	28.499407662038	752.330091208137	19.8999996185303	-8.19999980926514	28.0999994277954	0.133333255847295	15.5	15.5	-2.63333335518837	1218	138	81	382	253	253	350
-66.15649	44.19388	Nova Scotia	Meteghan	95	6.76249996076028	8.00833338995775	28.499407662038	752.330091208137	19.8999996185303	-8.19999980926514	28.0999994277954	0.133333255847295	15.5	15.5	-2.63333335518837	1218	138	81	382	253	253	350
-66.15649	44.19388	Nova Scotia	Meteghan	96	6.76249996076028	8.00833338995775	28.499407662038	752.330091208137	19.8999996185303	-8.19999980926514	28.0999994277954	0.133333255847295	15.5	15.5	-2.63333335518837	1218	138	81	382	253	253	350
-66.15649	44.19388	Nova Scotia	Meteghan	97	6.76249996076028	8.00833338995775	28.499407662038	752.330091208137	19.8999996185303	-8.19999980926514	28.0999994277954	0.133333255847295	15.5	15.5	-2.63333335518837	1218	138	81	382	253	253	350
-64.2437	45.11237	Nova Scotia	Wolfville	98	6.7541665903603	9.59166668045024	27.7215796956671	914.873208705831	23	-11.6000003814697	34.6000003814697	-1.35000002756715	17.8166666030884	17.8166666030884	-4.55000007525086	1125	115	73	331	223	223	307
-64.2437	45.11237	Nova Scotia	Wolfville	99	6.7541665903603	9.59166668045024	27.7215796956671	914.873208705831	23	-11.6000003814697	34.6000003814697	-1.35000002756715	17.8166666030884	17.8166666030884	-4.55000007525086	1125	115	73	331	223	223	307
-64.2437	45.11237	Nova Scotia	Wolfville	100	6.7541665903603	9.59166668045024	27.7215796956671	914.873208705831	23	-11.6000003814697	34.6000003814697	-1.35000002756715	17.8166666030884	17.8166666030884	-4.55000007525086	1125	115	73	331	223	223	307
-80.9755	42.661819	Ontario	Port Bruce	101	8.50416662544012	8.77500006059805	25.4347827843422	951.669485562303	24.3999996185303	-10.1000003814697	34.5	10.7333333094915	-2.93333346645037	19.8666664759318	-3.38333343466123	992	99	56	274	196	266	211
-80.9755	42.661819	Ontario	Port Bruce	102	8.50416662544012	8.77500006059805	25.4347827843422	951.669485562303	24.3999996185303	-10.1000003814697	34.5	10.7333333094915	-2.93333346645037	19.8666664759318	-3.38333343466123	992	99	56	274	196	266	211
-80.9755	42.661819	Ontario	Port Bruce	103	8.50416662544012	8.77500006059805	25.4347827843422	951.669485562303	24.3999996185303	-10.1000003814697	34.5	10.7333333094915	-2.93333346645037	19.8666664759318	-3.38333343466123	992	99	56	274	196	266	211
-80.9755	42.661819	Ontario	Port Bruce	104	8.50416662544012	8.77500006059805	25.4347827843422	951.669485562303	24.3999996185303	-10.1000003814697	34.5	10.7333333094915	-2.93333346645037	19.8666664759318	-3.38333343466123	992	99	56	274	196	266	211
-80.9755	42.661819	Ontario	Port Bruce	105	8.50416662544012	8.77500006059805	25.4347827843422	951.669485562303	24.3999996185303	-10.1000003814697	34.5	10.7333333094915	-2.93333346645037	19.8666664759318	-3.38333343466123	992	99	56	274	196	266	211
-80.9755	42.661819	Ontario	Port Bruce	106	8.50416662544012	8.77500006059805	25.4347827843422	951.669485562303	24.3999996185303	-10.1000003814697	34.5	10.7333333094915	-2.93333346645037	19.8666664759318	-3.38333343466123	992	99	56	274	196	266	211
-116.0606	50.5585	British Columbia	 Shuswap Lake	107	5.2541667620341	11.3416667779287	30.2444439719871	930.824326879915	21.7000007629395	-15.8000001907349	37.5000009536743	14.200000445048	0.866666595141093	16.4500003655752	-6.66666666666667	458	68	20	171	72	164	89
-116.0606	50.5585	British Columbia	 Shuswap Lake	108	5.2541667620341	11.3416667779287	30.2444439719871	930.824326879915	21.7000007629395	-15.8000001907349	37.5000009536743	14.200000445048	0.866666595141093	16.4500003655752	-6.66666666666667	458	68	20	171	72	164	89
-116.0606	50.5585	British Columbia	 Shuswap Lake	109	5.2541667620341	11.3416667779287	30.2444439719871	930.824326879915	21.7000007629395	-15.8000001907349	37.5000009536743	14.200000445048	0.866666595141093	16.4500003655752	-6.66666666666667	458	68	20	171	72	164	89
-116.0606	50.5585	British Columbia	 Shuswap Lake	110	5.2541667620341	11.3416667779287	30.2444439719871	930.824326879915	21.7000007629395	-15.8000001907349	37.5000009536743	14.200000445048	0.866666595141093	16.4500003655752	-6.66666666666667	458	68	20	171	72	164	89
-116.0606	50.5585	British Columbia	 Shuswap Lake	111	5.2541667620341	11.3416667779287	30.2444439719871	930.824326879915	21.7000007629395	-15.8000001907349	37.5000009536743	14.200000445048	0.866666595141093	16.4500003655752	-6.66666666666667	458	68	20	171	72	164	89
-116.0606	50.5585	British Columbia	 Shuswap Lake	112	5.2541667620341	11.3416667779287	30.2444439719871	930.824326879915	21.7000007629395	-15.8000001907349	37.5000009536743	14.200000445048	0.866666595141093	16.4500003655752	-6.66666666666667	458	68	20	171	72	164	89
-116.0363	50.5359	British Columbia	 Shuswap Lake	113	5.34999992946784	11.1333332558473	30.0900906562399	927.033387198879	21.7999992370605	-15.1999998092651	36.9999990463257	14.2666664520899	0.866666674613953	16.5166666507721	-6.51666667064031	452	67	20	168	71	163	88
-116.0363	50.5359	British Columbia	 Shuswap Lake	114	5.34999992946784	11.1333332558473	30.0900906562399	927.033387198879	21.7999992370605	-15.1999998092651	36.9999990463257	14.2666664520899	0.866666674613953	16.5166666507721	-6.51666667064031	452	67	20	168	71	163	88
-116.0363	50.5359	British Columbia	 Shuswap Lake	115	5.34999992946784	11.1333332558473	30.0900906562399	927.033387198879	21.7999992370605	-15.1999998092651	36.9999990463257	14.2666664520899	0.866666674613953	16.5166666507721	-6.51666667064031	452	67	20	168	71	163	88
-116.0363	50.5359	British Columbia	 Shuswap Lake	116	5.34999992946784	11.1333332558473	30.0900906562399	927.033387198879	21.7999992370605	-15.1999998092651	36.9999990463257	14.2666664520899	0.866666674613953	16.5166666507721	-6.51666667064031	452	67	20	168	71	163	88
-116.0363	50.5359	British Columbia	 Shuswap Lake	117	5.34999992946784	11.1333332558473	30.0900906562399	927.033387198879	21.7999992370605	-15.1999998092651	36.9999990463257	14.2666664520899	0.866666674613953	16.5166666507721	-6.51666667064031	452	67	20	168	71	163	88
-116.0363	50.5359	British Columbia	 Shuswap Lake	118	5.34999992946784	11.1333332558473	30.0900906562399	927.033387198879	21.7999992370605	-15.1999998092651	36.9999990463257	14.2666664520899	0.866666674613953	16.5166666507721	-6.51666667064031	452	67	20	168	71	163	88
-64.31628	48.82526	Quebec	D'Aiguillon	119	3.0958333487312	8.32499998311202	23.7179490564878	974.454297236597	19.7999992370605	-15.3000001907349	35.0999994277954	-0.316666642824809	-4.71666666865349	14.8166666030884	-9.06666668256124	1142	116	70	324	251	302	258
-64.31628	48.82526	Quebec	D'Aiguillon	120	3.0958333487312	8.32499998311202	23.7179490564878	974.454297236597	19.7999992370605	-15.3000001907349	35.0999994277954	-0.316666642824809	-4.71666666865349	14.8166666030884	-9.06666668256124	1142	116	70	324	251	302	258
-64.31628	48.82526	Quebec	D'Aiguillon	121	3.0958333487312	8.32499998311202	23.7179490564878	974.454297236597	19.7999992370605	-15.3000001907349	35.0999994277954	-0.316666642824809	-4.71666666865349	14.8166666030884	-9.06666668256124	1142	116	70	324	251	302	258
-64.31628	48.82526	Quebec	D'Aiguillon	122	3.0958333487312	8.32499998311202	23.7179490564878	974.454297236597	19.7999992370605	-15.3000001907349	35.0999994277954	-0.316666642824809	-4.71666666865349	14.8166666030884	-9.06666668256124	1142	116	70	324	251	302	258
-64.31628	48.82526	Quebec	D'Aiguillon	123	3.0958333487312	8.32499998311202	23.7179490564878	974.454297236597	19.7999992370605	-15.3000001907349	35.0999994277954	-0.316666642824809	-4.71666666865349	14.8166666030884	-9.06666668256124	1142	116	70	324	251	302	258
-64.31628	48.82526	Quebec	D'Aiguillon	124	3.0958333487312	8.32499998311202	23.7179490564878	974.454297236597	19.7999992370605	-15.3000001907349	35.0999994277954	-0.316666642824809	-4.71666666865349	14.8166666030884	-9.06666668256124	1142	116	70	324	251	302	258
-64.31628	48.82526	Quebec	D'Aiguillon	125	3.0958333487312	8.32499998311202	23.7179490564878	974.454297236597	19.7999992370605	-15.3000001907349	35.0999994277954	-0.316666642824809	-4.71666666865349	14.8166666030884	-9.06666668256124	1142	116	70	324	251	302	258
-64.31628	48.82526	Quebec	D'Aiguillon	126	3.0958333487312	8.32499998311202	23.7179490564878	974.454297236597	19.7999992370605	-15.3000001907349	35.0999994277954	-0.316666642824809	-4.71666666865349	14.8166666030884	-9.06666668256124	1142	116	70	324	251	302	258
-64.31628	48.82526	Quebec	D'Aiguillon	127	3.0958333487312	8.32499998311202	23.7179490564878	974.454297236597	19.7999992370605	-15.3000001907349	35.0999994277954	-0.316666642824809	-4.71666666865349	14.8166666030884	-9.06666668256124	1142	116	70	324	251	302	258
-72.818831	46.067638	Quebec	Odanak	128	5.1999998986721	9.33333337306976	22.4358973256817	1171.71979912614	23.8999996185303	-17.7000007629395	41.6000003814697	18.8166666030884	-9.05000021060308	18.8166666030884	-10.0166668891907	1001	99	57	291	188	291	201
-72.818831	46.067638	Quebec	Odanak	129	5.1999998986721	9.33333337306976	22.4358973256817	1171.71979912614	23.8999996185303	-17.7000007629395	41.6000003814697	18.8166666030884	-9.05000021060308	18.8166666030884	-10.0166668891907	1001	99	57	291	188	291	201
-72.818831	46.067638	Quebec	Odanak	130	5.1999998986721	9.33333337306976	22.4358973256817	1171.71979912614	23.8999996185303	-17.7000007629395	41.6000003814697	18.8166666030884	-9.05000021060308	18.8166666030884	-10.0166668891907	1001	99	57	291	188	291	201
-72.818831	46.067638	Quebec	Odanak	131	5.1999998986721	9.33333337306976	22.4358973256817	1171.71979912614	23.8999996185303	-17.7000007629395	41.6000003814697	18.8166666030884	-9.05000021060308	18.8166666030884	-10.0166668891907	1001	99	57	291	188	291	201
-72.818831	46.067638	Quebec	Odanak	132	5.1999998986721	9.33333337306976	22.4358973256817	1171.71979912614	23.8999996185303	-17.7000007629395	41.6000003814697	18.8166666030884	-9.05000021060308	18.8166666030884	-10.0166668891907	1001	99	57	291	188	291	201
-72.818831	46.067638	Quebec	Odanak	133	5.1999998986721	9.33333337306976	22.4358973256817	1171.71979912614	23.8999996185303	-17.7000007629395	41.6000003814697	18.8166666030884	-9.05000021060308	18.8166666030884	-10.0166668891907	1001	99	57	291	188	291	201
-72.818831	46.067638	Quebec	Odanak	134	5.1999998986721	9.33333337306976	22.4358973256817	1171.71979912614	23.8999996185303	-17.7000007629395	41.6000003814697	18.8166666030884	-9.05000021060308	18.8166666030884	-10.0166668891907	1001	99	57	291	188	291	201
-72.818831	46.067638	Quebec	Odanak	135	5.1999998986721	9.33333337306976	22.4358973256817	1171.71979912614	23.8999996185303	-17.7000007629395	41.6000003814697	18.8166666030884	-9.05000021060308	18.8166666030884	-10.0166668891907	1001	99	57	291	188	291	201
-72.818831	46.067638	Quebec	Odanak	136	5.1999998986721	9.33333337306976	22.4358973256817	1171.71979912614	23.8999996185303	-17.7000007629395	41.6000003814697	18.8166666030884	-9.05000021060308	18.8166666030884	-10.0166668891907	1001	99	57	291	188	291	201
-72.818831	46.067638	Quebec	Odanak	137	5.1999998986721	9.33333337306976	22.4358973256817	1171.71979912614	23.8999996185303	-17.7000007629395	41.6000003814697	18.8166666030884	-9.05000021060308	18.8166666030884	-10.0166668891907	1001	99	57	291	188	291	201
-72.818831	46.067638	Quebec	Odanak	138	5.1999998986721	9.33333337306976	22.4358973256817	1171.71979912614	23.8999996185303	-17.7000007629395	41.6000003814697	18.8166666030884	-9.05000021060308	18.8166666030884	-10.0166668891907	1001	99	57	291	188	291	201
-72.818831	46.067638	Quebec	Odanak	139	5.1999998986721	9.33333337306976	22.4358973256817	1171.71979912614	23.8999996185303	-17.7000007629395	41.6000003814697	18.8166666030884	-9.05000021060308	18.8166666030884	-10.0166668891907	1001	99	57	291	188	291	201
